    largo dim tiempo
1      32   1      2
2      32   1      4
3      32   1      2
4      32   1     16
5      32   1      2
6      32   1      2
7      32   1      2
8      32   1      2
9      32   1      2
10     32   1      2
11     32   1      2
12     32   1      2
13     32   1      4
14     32   1      4
15     32   1      2
16     32   1      2
17     32   1      6
18     32   1      4
19     32   1      2
20     32   1     20
21     32   1      2
22     32   1      6
23     32   1      2
24     32   1      2
25     32   1      4
26     32   1      2
27     32   1      2
28     32   1      2
29     32   1      2
30     32   1      2
31     32   1      2
32     32   1      2
33     32   1      2
34     32   1      2
35     32   1      2
36     32   1      2
37     32   1      4
38     32   1      2
39     32   1      2
40     32   1      2
41     32   1      2
42     32   1      8
43     32   1      2
44     32   1     10
45     32   2      8
46     32   2     20
47     32   2     10
48     32   2      4
49     32   2      8
50     32   2      8
51     32   2      6
52     32   2      6
53     32   2     12
54     32   2      2
55     32   2      8
56     32   2      4
57     32   2      8
58     32   2      2
59     32   2      2
60     32   2     18
61     32   2      4
62     32   2      4
63     32   2      8
64     32   2      4
65     32   3      2
66     32   3      2
67     32   3     12
68     32   3      2
69     32   3      2
70     32   3      6
71     32   3      8
72     32   3      2
73     32   3      8
74     32   3      2
75     32   3      4
76     32   4      2
77     32   4      2
78     32   4      2
79     32   4      2
80     32   4     14
81     32   4      2
82     32   4      2
83     32   4      2
84     32   4     12
85     32   4      4
86     32   4      2
87     32   4      6
88     32   4      2
89     32   4      2
90     32   5      2
91     32   5      2
92     32   5      2
93     32   5      2
94     32   5      2
95     32   5      2
96     32   6      2
97     32   6      2
98     32   7      2
99     32   7      2
100    32   7      2
101    32   7      2
102    32   7      2
103    32   7      2
104    32   8      2
105    32   8      2
106    32   8      2
107    64   1     42
108    64   1     18
109    64   1      4
110    64   1      2
111    64   1      2
112    64   1     10
113    64   1     14
114    64   1      2
115    64   1      2
116    64   1      2
117    64   1     16
118    64   1     12
119    64   1      4
120    64   1      2
121    64   1      2
122    64   1      2
123    64   1     32
124    64   1      4
125    64   1      2
126    64   1      4
127    64   1      2
128    64   1      2
129    64   1      2
130    64   1     10
131    64   1     38
132    64   1      2
133    64   1      6
134    64   1      4
135    64   1      6
136    64   1      4
137    64   1      2
138    64   1      4
139    64   1      2
140    64   1      4
141    64   1      2
142    64   1     54
143    64   1      2
144    64   1     14
145    64   1     20
146    64   1      2
147    64   1      2
148    64   1      6
149    64   1      2
150    64   1      2
151    64   2     14
152    64   2      4
153    64   2      4
154    64   2      2
155    64   2     18
156    64   2      6
157    64   2      4
158    64   2     12
159    64   2     32
160    64   2      2
161    64   2      4
162    64   2      2
163    64   2      2
164    64   2      6
165    64   2     20
166    64   2      2
167    64   2      6
168    64   2      2
169    64   2      4
170    64   2      2
171    64   2     16
172    64   2     16
173    64   3      4
174    64   3      8
175    64   3      4
176    64   3     14
177    64   3      2
178    64   3     18
179    64   3      2
180    64   3      4
181    64   3      2
182    64   3     54
183    64   3     18
184    64   3      6
185    64   3      4
186    64   3      2
187    64   3      2
188    64   3      4
189    64   3      2
190    64   3      2
191    64   3      2
192    64   3     16
193    64   4     62
194    64   4      6
195    64   4      4
196    64   4      2
197    64   4      6
198    64   4      2
199    64   4     18
200    64   4      2
201    64   4      2
202    64   4      2
203    64   4      2
204    64   4      6
205    64   5      2
206    64   5      2
207    64   5      2
208    64   5     10
209    64   5      2
210    64   5      2
211    64   5      2
212    64   5      2
213    64   5      2
214    64   5      2
215    64   6      2
216    64   6      2
217    64   6      2
218    64   6      2
219    64   6      2
220    64   7      2
221    64   7      4
222    64   7      2
223    64   7      4
224    64   8      2
225    64   8      2
226    64   8      2
227    64   8      2
228   128   1      2
229   128   1      4
230   128   1      2
231   128   1     10
232   128   1      2
233   128   1      2
234   128   1     10
235   128   1      8
236   128   1      4
237   128   1      2
238   128   1      2
239   128   1      2
240   128   1      2
241   128   1      2
242   128   1      2
243   128   1      2
244   128   1      2
245   128   1      2
246   128   1      2
247   128   1      2
248   128   1     52
249   128   1      2
250   128   1      2
251   128   1      2
252   128   1      4
253   128   1      2
254   128   1      2
255   128   1      6
256   128   1      6
257   128   1     14
258   128   1      6
259   128   1      2
260   128   1      2
261   128   1      2
262   128   1      2
263   128   1      2
264   128   1      2
265   128   1      2
266   128   1     44
267   128   1      2
268   128   1      2
269   128   1     30
270   128   1      2
271   128   1      6
272   128   1      2
273   128   1      2
274   128   1      6
275   128   1      6
276   128   2      6
277   128   2    116
278   128   2      2
279   128   2     40
280   128   2      2
281   128   2      4
282   128   2    110
283   128   2      2
284   128   2     56
285   128   2     12
286   128   2      4
287   128   2      6
288   128   2      2
289   128   2      4
290   128   2      2
291   128   2      2
292   128   2      2
293   128   2      2
294   128   2      2
295   128   2     26
296   128   2     12
297   128   2     14
298   128   2      8
299   128   2     28
300   128   2     28
301   128   2      2
302   128   2      2
303   128   2      4
304   128   2      4
305   128   3      2
306   128   3      2
307   128   3      2
308   128   3      2
309   128   3     18
310   128   3     10
311   128   3      4
312   128   3      2
313   128   3     14
314   128   3      2
315   128   4      4
316   128   4      2
317   128   4      2
318   128   4      2
319   128   4      2
320   128   4      2
321   128   4      8
322   128   4      4
323   128   4     12
324   128   4      2
325   128   5      2
326   128   5      2
327   128   5      2
328   128   5      2
329   128   5      2
330   128   5      2
331   128   5      2
332   128   5      4
333   128   6      2
334   128   6      2
335   128   6      2
336   128   6      2
337   128   6      2
338   128   7      2
339   128   7      2
340   128   7     14
341   128   7      4
342   128   7      2
343   128   7      2
344   128   7      2
345   128   7      2
346   128   8      2
347   256   1      2
348   256   1      6
349   256   1      2
350   256   1      2
351   256   1     50
352   256   1     52
353   256   1      4
354   256   1     14
355   256   1      2
356   256   1      2
357   256   1     10
358   256   1      2
359   256   1      2
360   256   1      2
361   256   1      2
362   256   1     14
363   256   1     18
364   256   1      2
365   256   1      2
366   256   1      2
367   256   1      2
368   256   1      2
369   256   1      2
370   256   1      2
371   256   1      2
372   256   1      6
373   256   1      2
374   256   1      2
375   256   1      2
376   256   1      8
377   256   1      2
378   256   1      2
379   256   1      6
380   256   1     34
381   256   1      2
382   256   1      8
383   256   1      2
384   256   1      2
385   256   1     22
386   256   1     12
387   256   1      2
388   256   1      4
389   256   1      2
390   256   1      2
391   256   1    160
392   256   1      2
393   256   1      4
394   256   2      2
395   256   2      2
396   256   2      2
397   256   2     10
398   256   2      2
399   256   2     36
400   256   2      4
401   256   2      2
402   256   2      6
403   256   2     16
404   256   2      2
405   256   2      4
406   256   2     14
407   256   2     52
408   256   2      4
409   256   2    166
410   256   2      2
411   256   2     16
412   256   2     50
413   256   2      2
414   256   2      4
415   256   2      4
416   256   2    136
417   256   2    202
418   256   2      2
419   256   2      2
420   256   2     18
421   256   2      2
422   256   2      4
423   256   2      4
424   256   2      2
425   256   2      2
426   256   2    128
427   256   3      2
428   256   3     10
429   256   3      4
430   256   3      2
431   256   3     24
432   256   3      2
433   256   3     40
434   256   3      6
435   256   3      4
436   256   3      2
437   256   3      2
438   256   3     20
439   256   3      2
440   256   3      2
441   256   3     50
442   256   3      2
443   256   3      2
444   256   3      4
445   256   3      2
446   256   3    110
447   256   4      2
448   256   4      6
449   256   4      4
450   256   4      2
451   256   4      2
452   256   4      2
453   256   4     16
454   256   4      4
455   256   4      8
456   256   4      6
457   256   5      2
458   256   5      2
459   256   5     20
460   256   5      2
461   256   6      2
462   256   6      2
463   256   6      2
464   256   7      2
465   256   7      6
466   256   7      2
467   256   7      2
468   256   8      2
469   256   8      2
470   256   8      2
471   256   8      2
472   256   8      2
473   256   8      2
474   256   8      2
475   512   1      2
476   512   1     10
477   512   1      2
478   512   1      2
479   512   1     62
480   512   1     16
481   512   1      6
482   512   1      4
483   512   1      2
484   512   1      2
485   512   1      4
486   512   1      2
487   512   1    240
488   512   1      2
489   512   1     22
490   512   1      2
491   512   1    212
492   512   1      2
493   512   1      2
494   512   1      2
495   512   1      2
496   512   1      2
497   512   1      4
498   512   1      2
499   512   1      6
500   512   1      2
501   512   1      2
502   512   1     56
503   512   1      2
504   512   1     10
505   512   1      2
506   512   1      2
507   512   1      4
508   512   1      4
509   512   1      2
510   512   1      8
511   512   1      4
512   512   1    346
513   512   1      2
514   512   1      2
515   512   1      4
516   512   1      2
517   512   1      2
518   512   1    282
519   512   1      2
520   512   1     16
521   512   1      8
522   512   1      2
523   512   1      2
524   512   2      2
525   512   2      2
526   512   2     66
527   512   2      2
528   512   2      2
529   512   2      4
530   512   2      2
531   512   2     26
532   512   2     30
533   512   2      2
534   512   2      2
535   512   2     34
536   512   2    170
537   512   2      4
538   512   2     34
539   512   2      2
540   512   2      2
541   512   2    296
542   512   2      2
543   512   2      6
544   512   2     16
545   512   2      2
546   512   2     66
547   512   2      2
548   512   2      2
549   512   2      2
550   512   2      2
551   512   2     12
552   512   2      2
553   512   2      4
554   512   2    262
555   512   2      4
556   512   2     76
557   512   2      2
558   512   2     40
559   512   2      8
560   512   2     52
561   512   2      2
562   512   2     62
563   512   3      4
564   512   3      4
565   512   3      8
566   512   3      2
567   512   3      6
568   512   3      2
569   512   3     12
570   512   3      4
571   512   3     84
572   512   3      2
573   512   3      2
574   512   3     10
575   512   3      2
576   512   3     20
577   512   4    104
578   512   4      2
579   512   4     10
580   512   4      2
581   512   4      2
582   512   4     32
583   512   4      2
584   512   4      2
585   512   4      2
586   512   4      2
587   512   4      2
588   512   5      4
589   512   5      4
590   512   6      2
591   512   6      2
592   512   6      2
593   512   6      2
594   512   6      2
595   512   7      2
596   512   7      6
597   512   7      2
598   512   7      2
599   512   8      2
600   512   8      2
601   512   8      2
602  1024   1      2
603  1024   1      2
604  1024   1      2
605  1024   1      2
606  1024   1      2
607  1024   1      6
608  1024   1      2
609  1024   1      2
610  1024   1     28
611  1024   1     18
612  1024   1      2
613  1024   1      2
614  1024   1      2
615  1024   1      2
616  1024   1      2
617  1024   1      2
618  1024   1    188
619  1024   1      2
620  1024   1    204
621  1024   1      2
622  1024   1      2
623  1024   1    562
624  1024   1     10
625  1024   1      2
626  1024   1      2
627  1024   1      2
628  1024   1      6
629  1024   1     16
630  1024   1     20
631  1024   1      2
632  1024   1     10
633  1024   1      2
634  1024   1      2
635  1024   1      4
636  1024   1      2
637  1024   1      2
638  1024   1      2
639  1024   1      2
640  1024   1      4
641  1024   1    104
642  1024   1     14
643  1024   1      4
644  1024   1      2
645  1024   1      2
646  1024   1    144
647  1024   1      2
648  1024   1     14
649  1024   1     58
650  1024   1     46
651  1024   2     48
652  1024   2      2
653  1024   2      2
654  1024   2      2
655  1024   2     32
656  1024   2     38
657  1024   2      4
658  1024   2      2
659  1024   2    252
660  1024   2      2
661  1024   2     32
662  1024   2      8
663  1024   2      2
664  1024   2    192
665  1024   2     36
666  1024   2      6
667  1024   2    330
668  1024   2     10
669  1024   2    380
670  1024   2     28
671  1024   2    124
672  1024   2     16
673  1024   2      2
674  1024   2     38
675  1024   2      2
676  1024   2      2
677  1024   2      2
678  1024   2      2
679  1024   2     12
680  1024   2     12
681  1024   3      2
682  1024   3     10
683  1024   3      4
684  1024   3      2
685  1024   3     10
686  1024   3      4
687  1024   3      2
688  1024   3      2
689  1024   3      2
690  1024   3      2
691  1024   3      2
692  1024   3      2
693  1024   3      2
694  1024   3      2
695  1024   3      2
696  1024   3      2
697  1024   4      8
698  1024   4      2
699  1024   4      4
700  1024   4      2
701  1024   4     22
702  1024   4      2
703  1024   4      2
704  1024   4      2
705  1024   4      8
706  1024   4      2
707  1024   4     14
708  1024   4      2
709  1024   4      2
710  1024   4      2
711  1024   4      2
712  1024   5      2
713  1024   5      2
714  1024   5      2
715  1024   5      6
716  1024   5      2
717  1024   5      2
718  1024   6      2
719  1024   6      2
720  1024   6      2
721  1024   7      2
722  1024   7      2
723  1024   7      2
724  1024   7      2
725  1024   8      2
726  1024   8      2
727  1024   8      2
