   pot porc dim
1    5  100   1
2    5   66   2
3    5   40   3
4    5   22   4
5    5   14   5
6    5    8   6
7    5    6   7
8    5    6   8
9    6   98   1
10   6   74   2
11   6   32   3
12   6   18   4
13   6   12   5
14   6    2   6
15   6    2   7
16   6    4   8
17   7   96   1
18   7   66   2
19   7   24   3
20   7   20   4
21   7    8   5
22   7   14   6
23   7    8   7
24   7    8   8
25   8   96   1
26   8   60   2
27   8   22   3
28   8   24   4
29   8   12   5
30   8   14   6
31   8   14   7
32   8   12   8
33   9   96   1
34   9   76   2
35   9   42   3
36   9   24   4
37   9    4   5
38   9    8   6
39   9    6   7
40   9    6   8
41  10   96   1
42  10   68   2
43  10   32   3
44  10   20   4
45  10    4   5
46  10    6   6
47  10    6   7
48  10    4   8
